Random seed: "--seed={ 0xe1e60b91, 0x7e2fedf4, 0xc43dcfec, 0xa9496d39, 0xc226c56e, 0x3f13ae3c, 0x7b642335, 0xe6af4bcd, 0x0b13760c, 0x702c4fd7, 0xc4b13aba, 0x2af7421f }"
# variant=lvl1 response_length=156 max_candidates=1000000 max_responses=10000
pair,candidate_space,candidate_space_overflow,candidates,responses,odd_degree,even_degree,invalid,odd_percent,complete
0,>=18446744073709551615,1,34145,10000,3781,6219,0,37.81000000,0
1,>=18446744073709551615,1,41088,10000,3691,6309,0,36.91000000,0
2,>=18446744073709551615,1,36897,10000,3814,6186,0,38.14000000,0
3,>=18446744073709551615,1,36274,10000,3660,6340,0,36.60000000,0
4,>=18446744073709551615,1,36854,10000,3769,6231,0,37.69000000,0
5,>=18446744073709551615,1,36133,10000,3724,6276,0,37.24000000,0
6,>=18446744073709551615,1,37885,10000,3807,6193,0,38.07000000,0
7,>=18446744073709551615,1,41891,10000,3748,6252,0,37.48000000,0
8,>=18446744073709551615,1,44252,10000,3719,6281,0,37.19000000,0
9,>=18446744073709551615,1,37285,10000,3709,6291,0,37.09000000,0
10,>=18446744073709551615,1,40716,10000,3759,6241,0,37.59000000,0
11,>=18446744073709551615,1,34502,10000,3807,6193,0,38.07000000,0
12,>=18446744073709551615,1,43522,10000,3691,6309,0,36.91000000,0
13,>=18446744073709551615,1,43330,10000,3734,6266,0,37.34000000,0
14,>=18446744073709551615,1,37664,10000,3757,6243,0,37.57000000,0
15,>=18446744073709551615,1,35317,10000,3745,6255,0,37.45000000,0
16,>=18446744073709551615,1,40917,10000,3769,6231,0,37.69000000,0
17,>=18446744073709551615,1,35025,10000,3730,6270,0,37.30000000,0
18,>=18446744073709551615,1,36086,10000,3703,6297,0,37.03000000,0
19,>=18446744073709551615,1,38661,10000,3729,6271,0,37.29000000,0
20,>=18446744073709551615,1,42534,10000,3702,6298,0,37.02000000,0
21,>=18446744073709551615,1,42004,10000,3644,6356,0,36.44000000,0
22,>=18446744073709551615,1,40871,10000,3629,6371,0,36.29000000,0
23,>=18446744073709551615,1,39635,10000,3679,6321,0,36.79000000,0
24,>=18446744073709551615,1,32636,10000,3769,6231,0,37.69000000,0
25,>=18446744073709551615,1,35933,10000,3815,6185,0,38.15000000,0
26,>=18446744073709551615,1,40305,10000,3825,6175,0,38.25000000,0
27,>=18446744073709551615,1,32919,10000,3712,6288,0,37.12000000,0
28,>=18446744073709551615,1,38000,10000,3721,6279,0,37.21000000,0
29,>=18446744073709551615,1,35566,10000,3739,6261,0,37.39000000,0
30,>=18446744073709551615,1,39055,10000,3767,6233,0,37.67000000,0
31,>=18446744073709551615,1,35903,10000,3726,6274,0,37.26000000,0
32,>=18446744073709551615,1,35851,10000,3785,6215,0,37.85000000,0
33,>=18446744073709551615,1,36558,10000,3719,6281,0,37.19000000,0
34,>=18446744073709551615,1,36748,10000,3823,6177,0,38.23000000,0
35,>=18446744073709551615,1,37765,10000,3726,6274,0,37.26000000,0
36,>=18446744073709551615,1,36765,10000,3809,6191,0,38.09000000,0
37,>=18446744073709551615,1,36225,10000,3779,6221,0,37.79000000,0
38,>=18446744073709551615,1,39971,10000,3749,6251,0,37.49000000,0
39,>=18446744073709551615,1,37951,10000,3702,6298,0,37.02000000,0
40,>=18446744073709551615,1,36570,10000,3745,6255,0,37.45000000,0
41,>=18446744073709551615,1,38429,10000,3763,6237,0,37.63000000,0
42,>=18446744073709551615,1,38773,10000,3691,6309,0,36.91000000,0
43,>=18446744073709551615,1,33876,10000,3756,6244,0,37.56000000,0
44,>=18446744073709551615,1,37924,10000,3715,6285,0,37.15000000,0
45,>=18446744073709551615,1,44752,10000,3788,6212,0,37.88000000,0
46,>=18446744073709551615,1,36834,10000,3831,6169,0,38.31000000,0
47,>=18446744073709551615,1,41976,10000,3780,6220,0,37.80000000,0
48,>=18446744073709551615,1,35902,10000,3681,6319,0,36.81000000,0
49,>=18446744073709551615,1,38396,10000,3672,6328,0,36.72000000,0
50,>=18446744073709551615,1,43185,10000,3787,6213,0,37.87000000,0
51,>=18446744073709551615,1,33726,10000,3671,6329,0,36.71000000,0
52,>=18446744073709551615,1,34790,10000,3764,6236,0,37.64000000,0
53,>=18446744073709551615,1,32918,10000,3770,6230,0,37.70000000,0
54,>=18446744073709551615,1,34987,10000,3668,6332,0,36.68000000,0
55,>=18446744073709551615,1,32832,10000,3777,6223,0,37.77000000,0
56,>=18446744073709551615,1,37400,10000,3744,6256,0,37.44000000,0
57,>=18446744073709551615,1,36067,10000,3818,6182,0,38.18000000,0
58,>=18446744073709551615,1,34124,10000,3713,6287,0,37.13000000,0
59,>=18446744073709551615,1,39696,10000,3877,6123,0,38.77000000,0
60,>=18446744073709551615,1,36927,10000,3748,6252,0,37.48000000,0
61,>=18446744073709551615,1,37703,10000,3860,6140,0,38.60000000,0
62,>=18446744073709551615,1,35853,10000,3723,6277,0,37.23000000,0
63,>=18446744073709551615,1,44116,10000,3735,6265,0,37.35000000,0
64,>=18446744073709551615,1,38621,10000,3797,6203,0,37.97000000,0
65,>=18446744073709551615,1,34022,10000,3768,6232,0,37.68000000,0
66,>=18446744073709551615,1,38165,10000,3771,6229,0,37.71000000,0
67,>=18446744073709551615,1,41552,10000,3681,6319,0,36.81000000,0
68,>=18446744073709551615,1,37600,10000,3707,6293,0,37.07000000,0
69,>=18446744073709551615,1,39687,10000,3747,6253,0,37.47000000,0
70,>=18446744073709551615,1,36203,10000,3746,6254,0,37.46000000,0
71,>=18446744073709551615,1,36881,10000,3735,6265,0,37.35000000,0
72,>=18446744073709551615,1,36878,10000,3656,6344,0,36.56000000,0
73,>=18446744073709551615,1,37994,10000,3774,6226,0,37.74000000,0
74,>=18446744073709551615,1,38553,10000,3700,6300,0,37.00000000,0
75,>=18446744073709551615,1,33685,10000,3768,6232,0,37.68000000,0
76,>=18446744073709551615,1,34324,10000,3724,6276,0,37.24000000,0
77,>=18446744073709551615,1,39385,10000,3729,6271,0,37.29000000,0
78,>=18446744073709551615,1,41812,10000,3721,6279,0,37.21000000,0
79,>=18446744073709551615,1,37628,10000,3738,6262,0,37.38000000,0
80,>=18446744073709551615,1,43501,10000,3700,6300,0,37.00000000,0
81,>=18446744073709551615,1,34949,10000,3800,6200,0,38.00000000,0
82,>=18446744073709551615,1,34544,10000,3777,6223,0,37.77000000,0
83,>=18446744073709551615,1,38265,10000,3777,6223,0,37.77000000,0
84,>=18446744073709551615,1,37796,10000,3697,6303,0,36.97000000,0
85,>=18446744073709551615,1,40858,10000,3744,6256,0,37.44000000,0
86,>=18446744073709551615,1,36700,10000,3733,6267,0,37.33000000,0
87,>=18446744073709551615,1,39355,10000,3778,6222,0,37.78000000,0
88,>=18446744073709551615,1,33124,10000,3731,6269,0,37.31000000,0
89,>=18446744073709551615,1,34839,10000,3704,6296,0,37.04000000,0
90,>=18446744073709551615,1,36535,10000,3737,6263,0,37.37000000,0
91,>=18446744073709551615,1,34969,10000,3735,6265,0,37.35000000,0
92,>=18446744073709551615,1,37280,10000,3737,6263,0,37.37000000,0
93,>=18446744073709551615,1,43358,10000,3795,6205,0,37.95000000,0
94,>=18446744073709551615,1,35199,10000,3746,6254,0,37.46000000,0
95,>=18446744073709551615,1,34929,10000,3637,6363,0,36.37000000,0
96,>=18446744073709551615,1,34265,10000,3746,6254,0,37.46000000,0
97,>=18446744073709551615,1,37463,10000,3760,6240,0,37.60000000,0
98,>=18446744073709551615,1,38679,10000,3782,6218,0,37.82000000,0
99,>=18446744073709551615,1,33937,10000,3746,6254,0,37.46000000,0
100,>=18446744073709551615,1,38030,10000,3674,6326,0,36.74000000,0
101,>=18446744073709551615,1,37545,10000,3775,6225,0,37.75000000,0
102,>=18446744073709551615,1,34815,10000,3734,6266,0,37.34000000,0
103,>=18446744073709551615,1,44871,10000,3720,6280,0,37.20000000,0
104,>=18446744073709551615,1,36693,10000,3753,6247,0,37.53000000,0
105,>=18446744073709551615,1,34880,10000,3675,6325,0,36.75000000,0
106,>=18446744073709551615,1,35006,10000,3772,6228,0,37.72000000,0
107,>=18446744073709551615,1,41023,10000,3676,6324,0,36.76000000,0
108,>=18446744073709551615,1,43144,10000,3774,6226,0,37.74000000,0
109,>=18446744073709551615,1,34779,10000,3698,6302,0,36.98000000,0
110,>=18446744073709551615,1,35676,10000,3732,6268,0,37.32000000,0
111,>=18446744073709551615,1,36016,10000,3821,6179,0,38.21000000,0
112,>=18446744073709551615,1,38956,10000,3770,6230,0,37.70000000,0
113,>=18446744073709551615,1,37949,10000,3778,6222,0,37.78000000,0
114,>=18446744073709551615,1,35617,10000,3667,6333,0,36.67000000,0
115,>=18446744073709551615,1,33683,10000,3851,6149,0,38.51000000,0
116,>=18446744073709551615,1,41711,10000,3727,6273,0,37.27000000,0
117,>=18446744073709551615,1,36702,10000,3802,6198,0,38.02000000,0
118,>=18446744073709551615,1,41139,10000,3788,6212,0,37.88000000,0
119,>=18446744073709551615,1,34097,10000,3756,6244,0,37.56000000,0
120,>=18446744073709551615,1,37140,10000,3778,6222,0,37.78000000,0
121,>=18446744073709551615,1,37666,10000,3711,6289,0,37.11000000,0
122,>=18446744073709551615,1,34539,10000,3747,6253,0,37.47000000,0
123,>=18446744073709551615,1,37946,10000,3800,6200,0,38.00000000,0
124,>=18446744073709551615,1,38759,10000,3807,6193,0,38.07000000,0
125,>=18446744073709551615,1,37295,10000,3751,6249,0,37.51000000,0
126,>=18446744073709551615,1,36466,10000,3769,6231,0,37.69000000,0
127,>=18446744073709551615,1,37345,10000,3699,6301,0,36.99000000,0
128,>=18446744073709551615,1,35251,10000,3834,6166,0,38.34000000,0
129,>=18446744073709551615,1,39107,10000,3757,6243,0,37.57000000,0
130,>=18446744073709551615,1,40384,10000,3772,6228,0,37.72000000,0
131,>=18446744073709551615,1,37188,10000,3727,6273,0,37.27000000,0
132,>=18446744073709551615,1,35511,10000,3791,6209,0,37.91000000,0
133,>=18446744073709551615,1,39926,10000,3825,6175,0,38.25000000,0
134,>=18446744073709551615,1,35341,10000,3770,6230,0,37.70000000,0
135,>=18446744073709551615,1,38884,10000,3778,6222,0,37.78000000,0
136,>=18446744073709551615,1,37928,10000,3738,6262,0,37.38000000,0
137,>=18446744073709551615,1,38620,10000,3691,6309,0,36.91000000,0
138,>=18446744073709551615,1,37823,10000,3724,6276,0,37.24000000,0
139,>=18446744073709551615,1,35413,10000,3754,6246,0,37.54000000,0
140,>=18446744073709551615,1,38622,10000,3845,6155,0,38.45000000,0
141,>=18446744073709551615,1,34337,10000,3683,6317,0,36.83000000,0
142,>=18446744073709551615,1,39863,10000,3756,6244,0,37.56000000,0
143,>=18446744073709551615,1,46343,10000,3732,6268,0,37.32000000,0
144,>=18446744073709551615,1,38046,10000,3675,6325,0,36.75000000,0
145,>=18446744073709551615,1,37047,10000,3727,6273,0,37.27000000,0
146,>=18446744073709551615,1,35230,10000,3768,6232,0,37.68000000,0
147,>=18446744073709551615,1,35727,10000,3794,6206,0,37.94000000,0
148,>=18446744073709551615,1,38996,10000,3671,6329,0,36.71000000,0
149,>=18446744073709551615,1,33382,10000,3805,6195,0,38.05000000,0
150,>=18446744073709551615,1,35551,10000,3624,6376,0,36.24000000,0
151,>=18446744073709551615,1,38041,10000,3757,6243,0,37.57000000,0
152,>=18446744073709551615,1,33513,10000,3738,6262,0,37.38000000,0
153,>=18446744073709551615,1,43680,10000,3837,6163,0,38.37000000,0
154,>=18446744073709551615,1,36997,10000,3741,6259,0,37.41000000,0
155,>=18446744073709551615,1,37508,10000,3774,6226,0,37.74000000,0
156,>=18446744073709551615,1,40651,10000,3723,6277,0,37.23000000,0
157,>=18446744073709551615,1,42557,10000,3711,6289,0,37.11000000,0
158,>=18446744073709551615,1,34987,10000,3723,6277,0,37.23000000,0
159,>=18446744073709551615,1,39736,10000,3852,6148,0,38.52000000,0
160,>=18446744073709551615,1,35702,10000,3759,6241,0,37.59000000,0
161,>=18446744073709551615,1,42349,10000,3705,6295,0,37.05000000,0
162,>=18446744073709551615,1,35566,10000,3766,6234,0,37.66000000,0
163,>=18446744073709551615,1,37954,10000,3745,6255,0,37.45000000,0
164,>=18446744073709551615,1,35126,10000,3696,6304,0,36.96000000,0
165,>=18446744073709551615,1,39588,10000,3693,6307,0,36.93000000,0
166,>=18446744073709551615,1,41098,10000,3722,6278,0,37.22000000,0
167,>=18446744073709551615,1,36150,10000,3814,6186,0,38.14000000,0
168,>=18446744073709551615,1,35371,10000,3823,6177,0,38.23000000,0
169,>=18446744073709551615,1,34609,10000,3700,6300,0,37.00000000,0
170,>=18446744073709551615,1,36334,10000,3764,6236,0,37.64000000,0
171,>=18446744073709551615,1,33996,10000,3812,6188,0,38.12000000,0
172,>=18446744073709551615,1,37612,10000,3696,6304,0,36.96000000,0
173,>=18446744073709551615,1,37837,10000,3696,6304,0,36.96000000,0
174,>=18446744073709551615,1,35247,10000,3736,6264,0,37.36000000,0
175,>=18446744073709551615,1,38712,10000,3739,6261,0,37.39000000,0
176,>=18446744073709551615,1,35817,10000,3665,6335,0,36.65000000,0
177,>=18446744073709551615,1,41224,10000,3731,6269,0,37.31000000,0
178,>=18446744073709551615,1,38633,10000,3782,6218,0,37.82000000,0
179,>=18446744073709551615,1,36746,10000,3888,6112,0,38.88000000,0
180,>=18446744073709551615,1,36637,10000,3719,6281,0,37.19000000,0
181,>=18446744073709551615,1,37483,10000,3680,6320,0,36.80000000,0
182,>=18446744073709551615,1,35477,10000,3802,6198,0,38.02000000,0
183,>=18446744073709551615,1,44647,10000,3776,6224,0,37.76000000,0
184,>=18446744073709551615,1,40968,10000,3794,6206,0,37.94000000,0
185,>=18446744073709551615,1,40193,10000,3696,6304,0,36.96000000,0
186,>=18446744073709551615,1,43109,10000,3748,6252,0,37.48000000,0
187,>=18446744073709551615,1,34232,10000,3650,6350,0,36.50000000,0
188,>=18446744073709551615,1,35925,10000,3700,6300,0,37.00000000,0
189,>=18446744073709551615,1,35644,10000,3719,6281,0,37.19000000,0
190,>=18446744073709551615,1,42091,10000,3780,6220,0,37.80000000,0
191,>=18446744073709551615,1,37292,10000,3672,6328,0,36.72000000,0
192,>=18446744073709551615,1,39223,10000,3734,6266,0,37.34000000,0
193,>=18446744073709551615,1,35964,10000,3709,6291,0,37.09000000,0
194,>=18446744073709551615,1,36866,10000,3743,6257,0,37.43000000,0
195,>=18446744073709551615,1,35609,10000,3762,6238,0,37.62000000,0
196,>=18446744073709551615,1,35009,10000,3771,6229,0,37.71000000,0
197,>=18446744073709551615,1,42104,10000,3728,6272,0,37.28000000,0
198,>=18446744073709551615,1,35017,10000,3868,6132,0,38.68000000,0
199,>=18446744073709551615,1,34979,10000,3710,6290,0,37.10000000,0
200,>=18446744073709551615,1,35364,10000,3630,6370,0,36.30000000,0
201,>=18446744073709551615,1,39498,10000,3778,6222,0,37.78000000,0
202,>=18446744073709551615,1,42424,10000,3739,6261,0,37.39000000,0
203,>=18446744073709551615,1,35978,10000,3801,6199,0,38.01000000,0
204,>=18446744073709551615,1,37912,10000,3874,6126,0,38.74000000,0
205,>=18446744073709551615,1,35362,10000,3806,6194,0,38.06000000,0
206,>=18446744073709551615,1,38020,10000,3753,6247,0,37.53000000,0
207,>=18446744073709551615,1,35883,10000,3732,6268,0,37.32000000,0
208,>=18446744073709551615,1,37528,10000,3751,6249,0,37.51000000,0
209,>=18446744073709551615,1,38039,10000,3684,6316,0,36.84000000,0
210,>=18446744073709551615,1,33887,10000,3812,6188,0,38.12000000,0
211,>=18446744073709551615,1,39083,10000,3733,6267,0,37.33000000,0
212,>=18446744073709551615,1,36014,10000,3733,6267,0,37.33000000,0
213,>=18446744073709551615,1,37617,10000,3763,6237,0,37.63000000,0
214,>=18446744073709551615,1,44683,10000,3692,6308,0,36.92000000,0
215,>=18446744073709551615,1,34978,10000,3755,6245,0,37.55000000,0
216,>=18446744073709551615,1,39074,10000,3657,6343,0,36.57000000,0
217,>=18446744073709551615,1,34230,10000,3727,6273,0,37.27000000,0
218,>=18446744073709551615,1,39476,10000,3648,6352,0,36.48000000,0
219,>=18446744073709551615,1,39210,10000,3772,6228,0,37.72000000,0
220,>=18446744073709551615,1,37247,10000,3733,6267,0,37.33000000,0
221,>=18446744073709551615,1,40172,10000,3761,6239,0,37.61000000,0
222,>=18446744073709551615,1,35450,10000,3793,6207,0,37.93000000,0
223,>=18446744073709551615,1,38553,10000,3748,6252,0,37.48000000,0
224,>=18446744073709551615,1,41574,10000,3709,6291,0,37.09000000,0
225,>=18446744073709551615,1,37479,10000,3726,6274,0,37.26000000,0
226,>=18446744073709551615,1,40312,10000,3778,6222,0,37.78000000,0
227,>=18446744073709551615,1,38175,10000,3755,6245,0,37.55000000,0
228,>=18446744073709551615,1,34581,10000,3663,6337,0,36.63000000,0
229,>=18446744073709551615,1,40875,10000,3815,6185,0,38.15000000,0
230,>=18446744073709551615,1,37731,10000,3722,6278,0,37.22000000,0
231,>=18446744073709551615,1,41247,10000,3822,6178,0,38.22000000,0
232,>=18446744073709551615,1,37651,10000,3796,6204,0,37.96000000,0
233,>=18446744073709551615,1,39048,10000,3733,6267,0,37.33000000,0
234,>=18446744073709551615,1,38333,10000,3796,6204,0,37.96000000,0
235,>=18446744073709551615,1,35857,10000,3822,6178,0,38.22000000,0
236,>=18446744073709551615,1,36474,10000,3760,6240,0,37.60000000,0
237,>=18446744073709551615,1,41442,10000,3660,6340,0,36.60000000,0
238,>=18446744073709551615,1,40226,10000,3750,6250,0,37.50000000,0
239,>=18446744073709551615,1,40959,10000,3760,6240,0,37.60000000,0
240,>=18446744073709551615,1,35965,10000,3682,6318,0,36.82000000,0
241,>=18446744073709551615,1,34989,10000,3707,6293,0,37.07000000,0
242,>=18446744073709551615,1,36852,10000,3795,6205,0,37.95000000,0
243,>=18446744073709551615,1,40712,10000,3739,6261,0,37.39000000,0
244,>=18446744073709551615,1,38178,10000,3736,6264,0,37.36000000,0
245,>=18446744073709551615,1,41616,10000,3783,6217,0,37.83000000,0
246,>=18446744073709551615,1,36077,10000,3773,6227,0,37.73000000,0
247,>=18446744073709551615,1,34820,10000,3622,6378,0,36.22000000,0
248,>=18446744073709551615,1,37735,10000,3774,6226,0,37.74000000,0
249,>=18446744073709551615,1,37282,10000,3575,6425,0,35.75000000,0
250,>=18446744073709551615,1,42936,10000,3786,6214,0,37.86000000,0
251,>=18446744073709551615,1,38547,10000,3672,6328,0,36.72000000,0
252,>=18446744073709551615,1,35690,10000,3663,6337,0,36.63000000,0
253,>=18446744073709551615,1,36094,10000,3759,6241,0,37.59000000,0
254,>=18446744073709551615,1,36487,10000,3696,6304,0,36.96000000,0
255,>=18446744073709551615,1,33971,10000,3667,6333,0,36.67000000,0
256,>=18446744073709551615,1,39961,10000,3731,6269,0,37.31000000,0
257,>=18446744073709551615,1,38567,10000,3707,6293,0,37.07000000,0
258,>=18446744073709551615,1,39731,10000,3707,6293,0,37.07000000,0
259,>=18446744073709551615,1,37348,10000,3677,6323,0,36.77000000,0
260,>=18446744073709551615,1,36873,10000,3773,6227,0,37.73000000,0
261,>=18446744073709551615,1,37389,10000,3728,6272,0,37.28000000,0
262,>=18446744073709551615,1,41670,10000,3747,6253,0,37.47000000,0
263,>=18446744073709551615,1,33700,10000,3740,6260,0,37.40000000,0
264,>=18446744073709551615,1,39589,10000,3800,6200,0,38.00000000,0
265,>=18446744073709551615,1,39459,10000,3779,6221,0,37.79000000,0
266,>=18446744073709551615,1,38150,10000,3710,6290,0,37.10000000,0
267,>=18446744073709551615,1,35092,10000,3753,6247,0,37.53000000,0
268,>=18446744073709551615,1,37361,10000,3720,6280,0,37.20000000,0
269,>=18446744073709551615,1,34948,10000,3729,6271,0,37.29000000,0
270,>=18446744073709551615,1,38111,10000,3753,6247,0,37.53000000,0
271,>=18446744073709551615,1,37180,10000,3757,6243,0,37.57000000,0
272,>=18446744073709551615,1,45461,10000,3696,6304,0,36.96000000,0
273,>=18446744073709551615,1,37536,10000,3780,6220,0,37.80000000,0
274,>=18446744073709551615,1,37560,10000,3787,6213,0,37.87000000,0
275,>=18446744073709551615,1,36453,10000,3709,6291,0,37.09000000,0
276,>=18446744073709551615,1,36274,10000,3714,6286,0,37.14000000,0
277,>=18446744073709551615,1,42244,10000,3766,6234,0,37.66000000,0
278,>=18446744073709551615,1,38419,10000,3747,6253,0,37.47000000,0
279,>=18446744073709551615,1,33228,10000,3710,6290,0,37.10000000,0
280,>=18446744073709551615,1,36723,10000,3713,6287,0,37.13000000,0
281,>=18446744073709551615,1,32458,10000,3675,6325,0,36.75000000,0
282,>=18446744073709551615,1,46019,10000,3705,6295,0,37.05000000,0
283,>=18446744073709551615,1,37085,10000,3747,6253,0,37.47000000,0
284,>=18446744073709551615,1,35653,10000,3754,6246,0,37.54000000,0
285,>=18446744073709551615,1,37832,10000,3707,6293,0,37.07000000,0
286,>=18446744073709551615,1,37449,10000,3794,6206,0,37.94000000,0
287,>=18446744073709551615,1,36683,10000,3700,6300,0,37.00000000,0
288,>=18446744073709551615,1,34835,10000,3693,6307,0,36.93000000,0
289,>=18446744073709551615,1,40760,10000,3723,6277,0,37.23000000,0
290,>=18446744073709551615,1,36823,10000,3750,6250,0,37.50000000,0
291,>=18446744073709551615,1,35383,10000,3730,6270,0,37.30000000,0
292,>=18446744073709551615,1,35304,10000,3770,6230,0,37.70000000,0
293,>=18446744073709551615,1,39354,10000,3741,6259,0,37.41000000,0
294,>=18446744073709551615,1,36295,10000,3766,6234,0,37.66000000,0
295,>=18446744073709551615,1,34986,10000,3693,6307,0,36.93000000,0
296,>=18446744073709551615,1,35196,10000,3767,6233,0,37.67000000,0
297,>=18446744073709551615,1,34252,10000,3767,6233,0,37.67000000,0
298,>=18446744073709551615,1,38027,10000,3763,6237,0,37.63000000,0
299,>=18446744073709551615,1,40160,10000,3731,6269,0,37.31000000,0
300,>=18446744073709551615,1,37987,10000,3786,6214,0,37.86000000,0
301,>=18446744073709551615,1,38658,10000,3751,6249,0,37.51000000,0
302,>=18446744073709551615,1,37945,10000,3717,6283,0,37.17000000,0
303,>=18446744073709551615,1,36553,10000,3736,6264,0,37.36000000,0
304,>=18446744073709551615,1,40568,10000,3737,6263,0,37.37000000,0
305,>=18446744073709551615,1,34130,10000,3839,6161,0,38.39000000,0
306,>=18446744073709551615,1,36694,10000,3774,6226,0,37.74000000,0
307,>=18446744073709551615,1,33103,10000,3758,6242,0,37.58000000,0
308,>=18446744073709551615,1,41350,10000,3689,6311,0,36.89000000,0
309,>=18446744073709551615,1,38861,10000,3762,6238,0,37.62000000,0
310,>=18446744073709551615,1,34784,10000,3674,6326,0,36.74000000,0
311,>=18446744073709551615,1,38296,10000,3747,6253,0,37.47000000,0
312,>=18446744073709551615,1,40313,10000,3815,6185,0,38.15000000,0
313,>=18446744073709551615,1,39627,10000,3697,6303,0,36.97000000,0
314,>=18446744073709551615,1,35104,10000,3811,6189,0,38.11000000,0
315,>=18446744073709551615,1,37420,10000,3758,6242,0,37.58000000,0
316,>=18446744073709551615,1,36274,10000,3777,6223,0,37.77000000,0
317,>=18446744073709551615,1,41357,10000,3706,6294,0,37.06000000,0
318,>=18446744073709551615,1,35823,10000,3750,6250,0,37.50000000,0
319,>=18446744073709551615,1,36771,10000,3731,6269,0,37.31000000,0
320,>=18446744073709551615,1,39775,10000,3715,6285,0,37.15000000,0
321,>=18446744073709551615,1,35339,10000,3752,6248,0,37.52000000,0
322,>=18446744073709551615,1,37025,10000,3751,6249,0,37.51000000,0
323,>=18446744073709551615,1,35855,10000,3778,6222,0,37.78000000,0
324,>=18446744073709551615,1,40549,10000,3633,6367,0,36.33000000,0
325,>=18446744073709551615,1,37788,10000,3724,6276,0,37.24000000,0
326,>=18446744073709551615,1,40702,10000,3780,6220,0,37.80000000,0
327,>=18446744073709551615,1,37826,10000,3724,6276,0,37.24000000,0
328,>=18446744073709551615,1,36960,10000,3754,6246,0,37.54000000,0
329,>=18446744073709551615,1,36794,10000,3627,6373,0,36.27000000,0
330,>=18446744073709551615,1,36610,10000,3746,6254,0,37.46000000,0
331,>=18446744073709551615,1,41587,10000,3785,6215,0,37.85000000,0
332,>=18446744073709551615,1,35390,10000,3782,6218,0,37.82000000,0
333,>=18446744073709551615,1,35617,10000,3823,6177,0,38.23000000,0
334,>=18446744073709551615,1,36307,10000,3784,6216,0,37.84000000,0
335,>=18446744073709551615,1,35445,10000,3764,6236,0,37.64000000,0
336,>=18446744073709551615,1,38950,10000,3732,6268,0,37.32000000,0
337,>=18446744073709551615,1,36010,10000,3720,6280,0,37.20000000,0
338,>=18446744073709551615,1,35017,10000,3813,6187,0,38.13000000,0
339,>=18446744073709551615,1,37930,10000,3831,6169,0,38.31000000,0
340,>=18446744073709551615,1,37824,10000,3840,6160,0,38.40000000,0
341,>=18446744073709551615,1,38215,10000,3721,6279,0,37.21000000,0
342,>=18446744073709551615,1,33919,10000,3780,6220,0,37.80000000,0
343,>=18446744073709551615,1,35956,10000,3772,6228,0,37.72000000,0
344,>=18446744073709551615,1,36229,10000,3780,6220,0,37.80000000,0
345,>=18446744073709551615,1,40335,10000,3725,6275,0,37.25000000,0
346,>=18446744073709551615,1,36653,10000,3766,6234,0,37.66000000,0
347,>=18446744073709551615,1,38411,10000,3830,6170,0,38.30000000,0
348,>=18446744073709551615,1,34906,10000,3701,6299,0,37.01000000,0
349,>=18446744073709551615,1,39701,10000,3744,6256,0,37.44000000,0
350,>=18446744073709551615,1,39734,10000,3751,6249,0,37.51000000,0
351,>=18446744073709551615,1,35701,10000,3800,6200,0,38.00000000,0
352,>=18446744073709551615,1,37717,10000,3751,6249,0,37.51000000,0
353,>=18446744073709551615,1,35238,10000,3725,6275,0,37.25000000,0
354,>=18446744073709551615,1,35086,10000,3741,6259,0,37.41000000,0
355,>=18446744073709551615,1,42340,10000,3793,6207,0,37.93000000,0
356,>=18446744073709551615,1,40510,10000,3720,6280,0,37.20000000,0
357,>=18446744073709551615,1,39767,10000,3760,6240,0,37.60000000,0
358,>=18446744073709551615,1,34489,10000,3760,6240,0,37.60000000,0
359,>=18446744073709551615,1,38055,10000,3789,6211,0,37.89000000,0
360,>=18446744073709551615,1,37332,10000,3749,6251,0,37.49000000,0
361,>=18446744073709551615,1,40185,10000,3715,6285,0,37.15000000,0
362,>=18446744073709551615,1,37070,10000,3676,6324,0,36.76000000,0
363,>=18446744073709551615,1,38704,10000,3666,6334,0,36.66000000,0
364,>=18446744073709551615,1,38686,10000,3777,6223,0,37.77000000,0
365,>=18446744073709551615,1,38905,10000,3770,6230,0,37.70000000,0
366,>=18446744073709551615,1,39548,10000,3805,6195,0,38.05000000,0
367,>=18446744073709551615,1,35289,10000,3751,6249,0,37.51000000,0
368,>=18446744073709551615,1,37445,10000,3695,6305,0,36.95000000,0
369,>=18446744073709551615,1,34409,10000,3829,6171,0,38.29000000,0
370,>=18446744073709551615,1,36782,10000,3801,6199,0,38.01000000,0
371,>=18446744073709551615,1,41860,10000,3670,6330,0,36.70000000,0
372,>=18446744073709551615,1,47048,10000,3754,6246,0,37.54000000,0
373,>=18446744073709551615,1,37089,10000,3778,6222,0,37.78000000,0
374,>=18446744073709551615,1,36114,10000,3820,6180,0,38.20000000,0
375,>=18446744073709551615,1,41711,10000,3728,6272,0,37.28000000,0
376,>=18446744073709551615,1,40218,10000,3697,6303,0,36.97000000,0
377,>=18446744073709551615,1,39131,10000,3677,6323,0,36.77000000,0
378,>=18446744073709551615,1,40464,10000,3752,6248,0,37.52000000,0
379,>=18446744073709551615,1,42788,10000,3786,6214,0,37.86000000,0
380,>=18446744073709551615,1,37977,10000,3760,6240,0,37.60000000,0
381,>=18446744073709551615,1,37616,10000,3813,6187,0,38.13000000,0
382,>=18446744073709551615,1,38507,10000,3815,6185,0,38.15000000,0
383,>=18446744073709551615,1,37674,10000,3764,6236,0,37.64000000,0
384,>=18446744073709551615,1,38505,10000,3696,6304,0,36.96000000,0
385,>=18446744073709551615,1,35432,10000,3724,6276,0,37.24000000,0
386,>=18446744073709551615,1,32840,10000,3683,6317,0,36.83000000,0
387,>=18446744073709551615,1,35291,10000,3732,6268,0,37.32000000,0
388,>=18446744073709551615,1,41792,10000,3709,6291,0,37.09000000,0
389,>=18446744073709551615,1,32765,10000,3719,6281,0,37.19000000,0
390,>=18446744073709551615,1,38226,10000,3755,6245,0,37.55000000,0
391,>=18446744073709551615,1,34410,10000,3756,6244,0,37.56000000,0
392,>=18446744073709551615,1,40333,10000,3794,6206,0,37.94000000,0
393,>=18446744073709551615,1,37232,10000,3790,6210,0,37.90000000,0
394,>=18446744073709551615,1,36964,10000,3731,6269,0,37.31000000,0
395,>=18446744073709551615,1,35953,10000,3813,6187,0,38.13000000,0
396,>=18446744073709551615,1,35960,10000,3778,6222,0,37.78000000,0
397,>=18446744073709551615,1,35625,10000,3861,6139,0,38.61000000,0
398,>=18446744073709551615,1,33562,10000,3814,6186,0,38.14000000,0
399,>=18446744073709551615,1,44806,10000,3709,6291,0,37.09000000,0
400,>=18446744073709551615,1,45222,10000,3649,6351,0,36.49000000,0
401,>=18446744073709551615,1,36998,10000,3672,6328,0,36.72000000,0
402,>=18446744073709551615,1,38536,10000,3760,6240,0,37.60000000,0
403,>=18446744073709551615,1,39678,10000,3744,6256,0,37.44000000,0
404,>=18446744073709551615,1,34483,10000,3760,6240,0,37.60000000,0
405,>=18446744073709551615,1,41208,10000,3751,6249,0,37.51000000,0
406,>=18446744073709551615,1,33416,10000,3746,6254,0,37.46000000,0
407,>=18446744073709551615,1,35800,10000,3823,6177,0,38.23000000,0
408,>=18446744073709551615,1,44661,10000,3785,6215,0,37.85000000,0
409,>=18446744073709551615,1,36576,10000,3728,6272,0,37.28000000,0
410,>=18446744073709551615,1,38655,10000,3703,6297,0,37.03000000,0
411,>=18446744073709551615,1,39106,10000,3702,6298,0,37.02000000,0
412,>=18446744073709551615,1,38061,10000,3793,6207,0,37.93000000,0
413,>=18446744073709551615,1,32673,10000,3763,6237,0,37.63000000,0
414,>=18446744073709551615,1,38872,10000,3802,6198,0,38.02000000,0
415,>=18446744073709551615,1,39975,10000,3689,6311,0,36.89000000,0
416,>=18446744073709551615,1,37107,10000,3752,6248,0,37.52000000,0
417,>=18446744073709551615,1,38309,10000,3777,6223,0,37.77000000,0
418,>=18446744073709551615,1,45594,10000,3783,6217,0,37.83000000,0
419,>=18446744073709551615,1,34495,10000,3757,6243,0,37.57000000,0
420,>=18446744073709551615,1,36608,10000,3786,6214,0,37.86000000,0
421,>=18446744073709551615,1,37069,10000,3689,6311,0,36.89000000,0
422,>=18446744073709551615,1,34480,10000,3792,6208,0,37.92000000,0
423,>=18446744073709551615,1,33132,10000,3828,6172,0,38.28000000,0
424,>=18446744073709551615,1,37532,10000,3714,6286,0,37.14000000,0
425,>=18446744073709551615,1,36552,10000,3858,6142,0,38.58000000,0
426,>=18446744073709551615,1,38607,10000,3765,6235,0,37.65000000,0
427,>=18446744073709551615,1,39707,10000,3791,6209,0,37.91000000,0
428,>=18446744073709551615,1,35651,10000,3685,6315,0,36.85000000,0
429,>=18446744073709551615,1,36506,10000,3786,6214,0,37.86000000,0
430,>=18446744073709551615,1,36337,10000,3667,6333,0,36.67000000,0
431,>=18446744073709551615,1,44946,10000,3794,6206,0,37.94000000,0
432,>=18446744073709551615,1,34422,10000,3740,6260,0,37.40000000,0
433,>=18446744073709551615,1,33859,10000,3732,6268,0,37.32000000,0
434,>=18446744073709551615,1,34744,10000,3838,6162,0,38.38000000,0
435,>=18446744073709551615,1,36416,10000,3758,6242,0,37.58000000,0
436,>=18446744073709551615,1,37452,10000,3800,6200,0,38.00000000,0
437,>=18446744073709551615,1,37137,10000,3716,6284,0,37.16000000,0
438,>=18446744073709551615,1,36708,10000,3755,6245,0,37.55000000,0
439,>=18446744073709551615,1,36343,10000,3713,6287,0,37.13000000,0
440,>=18446744073709551615,1,34115,10000,3826,6174,0,38.26000000,0
441,>=18446744073709551615,1,34655,10000,3670,6330,0,36.70000000,0
442,>=18446744073709551615,1,34809,10000,3734,6266,0,37.34000000,0
443,>=18446744073709551615,1,44032,10000,3792,6208,0,37.92000000,0
444,>=18446744073709551615,1,35342,10000,3774,6226,0,37.74000000,0
445,>=18446744073709551615,1,38502,10000,3778,6222,0,37.78000000,0
446,>=18446744073709551615,1,38233,10000,3759,6241,0,37.59000000,0
447,>=18446744073709551615,1,39489,10000,3806,6194,0,38.06000000,0
448,>=18446744073709551615,1,35694,10000,3738,6262,0,37.38000000,0
449,>=18446744073709551615,1,34823,10000,3659,6341,0,36.59000000,0
450,>=18446744073709551615,1,41186,10000,3786,6214,0,37.86000000,0
451,>=18446744073709551615,1,42206,10000,3719,6281,0,37.19000000,0
452,>=18446744073709551615,1,40461,10000,3741,6259,0,37.41000000,0
453,>=18446744073709551615,1,38204,10000,3705,6295,0,37.05000000,0
454,>=18446744073709551615,1,39622,10000,3799,6201,0,37.99000000,0
455,>=18446744073709551615,1,36226,10000,3731,6269,0,37.31000000,0
456,>=18446744073709551615,1,40087,10000,3754,6246,0,37.54000000,0
457,>=18446744073709551615,1,36520,10000,3710,6290,0,37.10000000,0
458,>=18446744073709551615,1,35111,10000,3775,6225,0,37.75000000,0
459,>=18446744073709551615,1,39843,10000,3802,6198,0,38.02000000,0
460,>=18446744073709551615,1,34025,10000,3740,6260,0,37.40000000,0
461,>=18446744073709551615,1,36642,10000,3703,6297,0,37.03000000,0
462,>=18446744073709551615,1,39489,10000,3780,6220,0,37.80000000,0
463,>=18446744073709551615,1,42973,10000,3824,6176,0,38.24000000,0
464,>=18446744073709551615,1,41519,10000,3694,6306,0,36.94000000,0
465,>=18446744073709551615,1,34362,10000,3740,6260,0,37.40000000,0
466,>=18446744073709551615,1,38834,10000,3705,6295,0,37.05000000,0
467,>=18446744073709551615,1,34595,10000,3699,6301,0,36.99000000,0
468,>=18446744073709551615,1,33493,10000,3707,6293,0,37.07000000,0
469,>=18446744073709551615,1,43804,10000,3670,6330,0,36.70000000,0
470,>=18446744073709551615,1,34193,10000,3759,6241,0,37.59000000,0
471,>=18446744073709551615,1,36664,10000,3775,6225,0,37.75000000,0
472,>=18446744073709551615,1,35710,10000,3711,6289,0,37.11000000,0
473,>=18446744073709551615,1,39562,10000,3728,6272,0,37.28000000,0
474,>=18446744073709551615,1,36417,10000,3759,6241,0,37.59000000,0
475,>=18446744073709551615,1,37798,10000,3711,6289,0,37.11000000,0
476,>=18446744073709551615,1,40979,10000,3746,6254,0,37.46000000,0
477,>=18446744073709551615,1,37649,10000,3754,6246,0,37.54000000,0
478,>=18446744073709551615,1,37720,10000,3700,6300,0,37.00000000,0
479,>=18446744073709551615,1,38688,10000,3780,6220,0,37.80000000,0
480,>=18446744073709551615,1,37081,10000,3742,6258,0,37.42000000,0
481,>=18446744073709551615,1,39259,10000,3746,6254,0,37.46000000,0
482,>=18446744073709551615,1,33299,10000,3705,6295,0,37.05000000,0
483,>=18446744073709551615,1,36187,10000,3805,6195,0,38.05000000,0
484,>=18446744073709551615,1,36349,10000,3827,6173,0,38.27000000,0
485,>=18446744073709551615,1,42149,10000,3762,6238,0,37.62000000,0
486,>=18446744073709551615,1,35169,10000,3737,6263,0,37.37000000,0
487,>=18446744073709551615,1,39842,10000,3747,6253,0,37.47000000,0
488,>=18446744073709551615,1,36826,10000,3720,6280,0,37.20000000,0
489,>=18446744073709551615,1,39001,10000,3731,6269,0,37.31000000,0
490,>=18446744073709551615,1,36536,10000,3663,6337,0,36.63000000,0
491,>=18446744073709551615,1,36886,10000,3779,6221,0,37.79000000,0
492,>=18446744073709551615,1,35266,10000,3734,6266,0,37.34000000,0
493,>=18446744073709551615,1,37864,10000,3713,6287,0,37.13000000,0
494,>=18446744073709551615,1,37141,10000,3753,6247,0,37.53000000,0
495,>=18446744073709551615,1,36088,10000,3754,6246,0,37.54000000,0
496,>=18446744073709551615,1,35556,10000,3701,6299,0,37.01000000,0
497,>=18446744073709551615,1,33765,10000,3835,6165,0,38.35000000,0
498,>=18446744073709551615,1,43004,10000,3724,6276,0,37.24000000,0
499,>=18446744073709551615,1,35565,10000,3716,6284,0,37.16000000,0
500,>=18446744073709551615,1,38380,10000,3825,6175,0,38.25000000,0
501,>=18446744073709551615,1,39465,10000,3775,6225,0,37.75000000,0
502,>=18446744073709551615,1,35431,10000,3755,6245,0,37.55000000,0
503,>=18446744073709551615,1,37597,10000,3786,6214,0,37.86000000,0
504,>=18446744073709551615,1,38645,10000,3716,6284,0,37.16000000,0
505,>=18446744073709551615,1,39618,10000,3661,6339,0,36.61000000,0
506,>=18446744073709551615,1,36280,10000,3788,6212,0,37.88000000,0
507,>=18446744073709551615,1,38809,10000,3777,6223,0,37.77000000,0
508,>=18446744073709551615,1,40235,10000,3798,6202,0,37.98000000,0
509,>=18446744073709551615,1,45216,10000,3685,6315,0,36.85000000,0
510,>=18446744073709551615,1,43724,10000,3754,6246,0,37.54000000,0
511,>=18446744073709551615,1,35108,10000,3753,6247,0,37.53000000,0
512,>=18446744073709551615,1,36599,10000,3802,6198,0,38.02000000,0
513,>=18446744073709551615,1,45569,10000,3842,6158,0,38.42000000,0
514,>=18446744073709551615,1,36009,10000,3721,6279,0,37.21000000,0
515,>=18446744073709551615,1,37692,10000,3763,6237,0,37.63000000,0
516,>=18446744073709551615,1,34268,10000,3740,6260,0,37.40000000,0
517,>=18446744073709551615,1,33934,10000,3720,6280,0,37.20000000,0
518,>=18446744073709551615,1,37770,10000,3864,6136,0,38.64000000,0
519,>=18446744073709551615,1,41269,10000,3671,6329,0,36.71000000,0
520,>=18446744073709551615,1,34544,10000,3727,6273,0,37.27000000,0
521,>=18446744073709551615,1,34350,10000,3732,6268,0,37.32000000,0
522,>=18446744073709551615,1,35126,10000,3833,6167,0,38.33000000,0
523,>=18446744073709551615,1,33636,10000,3725,6275,0,37.25000000,0
524,>=18446744073709551615,1,38002,10000,3809,6191,0,38.09000000,0
525,>=18446744073709551615,1,40241,10000,3767,6233,0,37.67000000,0
526,>=18446744073709551615,1,34066,10000,3711,6289,0,37.11000000,0
527,>=18446744073709551615,1,36742,10000,3738,6262,0,37.38000000,0
528,>=18446744073709551615,1,39469,10000,3754,6246,0,37.54000000,0
529,>=18446744073709551615,1,37309,10000,3704,6296,0,37.04000000,0
530,>=18446744073709551615,1,36678,10000,3723,6277,0,37.23000000,0
531,>=18446744073709551615,1,36034,10000,3755,6245,0,37.55000000,0
532,>=18446744073709551615,1,40069,10000,3748,6252,0,37.48000000,0
533,>=18446744073709551615,1,36331,10000,3803,6197,0,38.03000000,0
534,>=18446744073709551615,1,37477,10000,3736,6264,0,37.36000000,0
535,>=18446744073709551615,1,40815,10000,3804,6196,0,38.04000000,0
536,>=18446744073709551615,1,34920,10000,3768,6232,0,37.68000000,0
537,>=18446744073709551615,1,39415,10000,3691,6309,0,36.91000000,0
538,>=18446744073709551615,1,36504,10000,3644,6356,0,36.44000000,0
539,>=18446744073709551615,1,36438,10000,3697,6303,0,36.97000000,0
540,>=18446744073709551615,1,35460,10000,3799,6201,0,37.99000000,0
541,>=18446744073709551615,1,37132,10000,3722,6278,0,37.22000000,0
542,>=18446744073709551615,1,33672,10000,3767,6233,0,37.67000000,0
543,>=18446744073709551615,1,34014,10000,3765,6235,0,37.65000000,0
544,>=18446744073709551615,1,35174,10000,3731,6269,0,37.31000000,0
545,>=18446744073709551615,1,35459,10000,3799,6201,0,37.99000000,0
546,>=18446744073709551615,1,38098,10000,3672,6328,0,36.72000000,0
547,>=18446744073709551615,1,44608,10000,3776,6224,0,37.76000000,0
548,>=18446744073709551615,1,33617,10000,3719,6281,0,37.19000000,0
549,>=18446744073709551615,1,38591,10000,3754,6246,0,37.54000000,0
550,>=18446744073709551615,1,35909,10000,3763,6237,0,37.63000000,0
551,>=18446744073709551615,1,37398,10000,3751,6249,0,37.51000000,0
552,>=18446744073709551615,1,34077,10000,3804,6196,0,38.04000000,0
553,>=18446744073709551615,1,35955,10000,3708,6292,0,37.08000000,0
554,>=18446744073709551615,1,42743,10000,3792,6208,0,37.92000000,0
555,>=18446744073709551615,1,37607,10000,3689,6311,0,36.89000000,0
556,>=18446744073709551615,1,44994,10000,3685,6315,0,36.85000000,0
557,>=18446744073709551615,1,34244,10000,3740,6260,0,37.40000000,0
558,>=18446744073709551615,1,42505,10000,3830,6170,0,38.30000000,0
559,>=18446744073709551615,1,39875,10000,3789,6211,0,37.89000000,0
560,>=18446744073709551615,1,38167,10000,3712,6288,0,37.12000000,0
561,>=18446744073709551615,1,36944,10000,3841,6159,0,38.41000000,0
562,>=18446744073709551615,1,39413,10000,3700,6300,0,37.00000000,0
563,>=18446744073709551615,1,44492,10000,3716,6284,0,37.16000000,0
564,>=18446744073709551615,1,37212,10000,3836,6164,0,38.36000000,0
565,>=18446744073709551615,1,35505,10000,3817,6183,0,38.17000000,0
566,>=18446744073709551615,1,35959,10000,3639,6361,0,36.39000000,0
567,>=18446744073709551615,1,37652,10000,3769,6231,0,37.69000000,0
568,>=18446744073709551615,1,34507,10000,3654,6346,0,36.54000000,0
569,>=18446744073709551615,1,38537,10000,3734,6266,0,37.34000000,0
570,>=18446744073709551615,1,35802,10000,3789,6211,0,37.89000000,0
571,>=18446744073709551615,1,39317,10000,3746,6254,0,37.46000000,0
572,>=18446744073709551615,1,35795,10000,3736,6264,0,37.36000000,0
573,>=18446744073709551615,1,41798,10000,3786,6214,0,37.86000000,0
574,>=18446744073709551615,1,37590,10000,3800,6200,0,38.00000000,0
575,>=18446744073709551615,1,39076,10000,3772,6228,0,37.72000000,0
576,>=18446744073709551615,1,45490,10000,3661,6339,0,36.61000000,0
577,>=18446744073709551615,1,36067,10000,3809,6191,0,38.09000000,0
578,>=18446744073709551615,1,34667,10000,3777,6223,0,37.77000000,0
579,>=18446744073709551615,1,32893,10000,3742,6258,0,37.42000000,0
580,>=18446744073709551615,1,34512,10000,3701,6299,0,37.01000000,0
581,>=18446744073709551615,1,36795,10000,3762,6238,0,37.62000000,0
582,>=18446744073709551615,1,35866,10000,3760,6240,0,37.60000000,0
583,>=18446744073709551615,1,38494,10000,3719,6281,0,37.19000000,0
584,>=18446744073709551615,1,34422,10000,3766,6234,0,37.66000000,0
585,>=18446744073709551615,1,33932,10000,3810,6190,0,38.10000000,0
586,>=18446744073709551615,1,34027,10000,3787,6213,0,37.87000000,0
587,>=18446744073709551615,1,37030,10000,3751,6249,0,37.51000000,0
588,>=18446744073709551615,1,35036,10000,3753,6247,0,37.53000000,0
589,>=18446744073709551615,1,35426,10000,3792,6208,0,37.92000000,0
590,>=18446744073709551615,1,37551,10000,3733,6267,0,37.33000000,0
591,>=18446744073709551615,1,36985,10000,3743,6257,0,37.43000000,0
592,>=18446744073709551615,1,38185,10000,3716,6284,0,37.16000000,0
593,>=18446744073709551615,1,36519,10000,3784,6216,0,37.84000000,0
594,>=18446744073709551615,1,38674,10000,3727,6273,0,37.27000000,0
595,>=18446744073709551615,1,34543,10000,3724,6276,0,37.24000000,0
596,>=18446744073709551615,1,35624,10000,3787,6213,0,37.87000000,0
597,>=18446744073709551615,1,42037,10000,3715,6285,0,37.15000000,0
598,>=18446744073709551615,1,34179,10000,3721,6279,0,37.21000000,0
599,>=18446744073709551615,1,42554,10000,3812,6188,0,38.12000000,0
600,>=18446744073709551615,1,40418,10000,3865,6135,0,38.65000000,0
601,>=18446744073709551615,1,34318,10000,3658,6342,0,36.58000000,0
602,>=18446744073709551615,1,39595,10000,3801,6199,0,38.01000000,0
603,>=18446744073709551615,1,36564,10000,3690,6310,0,36.90000000,0
604,>=18446744073709551615,1,35932,10000,3799,6201,0,37.99000000,0
605,>=18446744073709551615,1,37060,10000,3704,6296,0,37.04000000,0
606,>=18446744073709551615,1,35990,10000,3729,6271,0,37.29000000,0
607,>=18446744073709551615,1,34856,10000,3823,6177,0,38.23000000,0
608,>=18446744073709551615,1,42033,10000,3762,6238,0,37.62000000,0
609,>=18446744073709551615,1,36124,10000,3738,6262,0,37.38000000,0
610,>=18446744073709551615,1,38153,10000,3765,6235,0,37.65000000,0
611,>=18446744073709551615,1,36806,10000,3760,6240,0,37.60000000,0
612,>=18446744073709551615,1,41870,10000,3710,6290,0,37.10000000,0
613,>=18446744073709551615,1,35777,10000,3737,6263,0,37.37000000,0
614,>=18446744073709551615,1,39790,10000,3755,6245,0,37.55000000,0
615,>=18446744073709551615,1,36685,10000,3681,6319,0,36.81000000,0
616,>=18446744073709551615,1,34450,10000,3796,6204,0,37.96000000,0
617,>=18446744073709551615,1,34473,10000,3750,6250,0,37.50000000,0
618,>=18446744073709551615,1,44737,10000,3712,6288,0,37.12000000,0
619,>=18446744073709551615,1,33185,10000,3774,6226,0,37.74000000,0
620,>=18446744073709551615,1,38965,10000,3700,6300,0,37.00000000,0
621,>=18446744073709551615,1,39512,10000,3765,6235,0,37.65000000,0
622,>=18446744073709551615,1,35713,10000,3920,6080,0,39.20000000,0
623,>=18446744073709551615,1,35960,10000,3744,6256,0,37.44000000,0
624,>=18446744073709551615,1,36454,10000,3772,6228,0,37.72000000,0
625,>=18446744073709551615,1,35969,10000,3781,6219,0,37.81000000,0
626,>=18446744073709551615,1,38874,10000,3802,6198,0,38.02000000,0
627,>=18446744073709551615,1,37402,10000,3810,6190,0,38.10000000,0
628,>=18446744073709551615,1,34887,10000,3857,6143,0,38.57000000,0
629,>=18446744073709551615,1,33333,10000,3772,6228,0,37.72000000,0
630,>=18446744073709551615,1,37583,10000,3654,6346,0,36.54000000,0
631,>=18446744073709551615,1,35128,10000,3698,6302,0,36.98000000,0
632,>=18446744073709551615,1,37772,10000,3761,6239,0,37.61000000,0
633,>=18446744073709551615,1,36057,10000,3766,6234,0,37.66000000,0
634,>=18446744073709551615,1,39655,10000,3672,6328,0,36.72000000,0
635,>=18446744073709551615,1,40207,10000,3825,6175,0,38.25000000,0
636,>=18446744073709551615,1,43837,10000,3712,6288,0,37.12000000,0
637,>=18446744073709551615,1,38533,10000,3683,6317,0,36.83000000,0
638,>=18446744073709551615,1,33390,10000,3775,6225,0,37.75000000,0
639,>=18446744073709551615,1,41334,10000,3787,6213,0,37.87000000,0
640,>=18446744073709551615,1,38999,10000,3797,6203,0,37.97000000,0
641,>=18446744073709551615,1,36217,10000,3780,6220,0,37.80000000,0
642,>=18446744073709551615,1,42768,10000,3828,6172,0,38.28000000,0
643,>=18446744073709551615,1,34919,10000,3728,6272,0,37.28000000,0
644,>=18446744073709551615,1,34863,10000,3729,6271,0,37.29000000,0
645,>=18446744073709551615,1,34112,10000,3830,6170,0,38.30000000,0
646,>=18446744073709551615,1,35293,10000,3778,6222,0,37.78000000,0
647,>=18446744073709551615,1,39123,10000,3677,6323,0,36.77000000,0
648,>=18446744073709551615,1,36598,10000,3720,6280,0,37.20000000,0
649,>=18446744073709551615,1,39735,10000,3727,6273,0,37.27000000,0
650,>=18446744073709551615,1,36696,10000,3680,6320,0,36.80000000,0
651,>=18446744073709551615,1,36679,10000,3696,6304,0,36.96000000,0
652,>=18446744073709551615,1,33034,10000,3735,6265,0,37.35000000,0
653,>=18446744073709551615,1,38785,10000,3721,6279,0,37.21000000,0
654,>=18446744073709551615,1,37356,10000,3706,6294,0,37.06000000,0
655,>=18446744073709551615,1,38730,10000,3773,6227,0,37.73000000,0
656,>=18446744073709551615,1,39210,10000,3701,6299,0,37.01000000,0
657,>=18446744073709551615,1,35882,10000,3653,6347,0,36.53000000,0
658,>=18446744073709551615,1,35360,10000,3741,6259,0,37.41000000,0
659,>=18446744073709551615,1,36309,10000,3733,6267,0,37.33000000,0
660,>=18446744073709551615,1,36460,10000,3747,6253,0,37.47000000,0
661,>=18446744073709551615,1,40024,10000,3728,6272,0,37.28000000,0
662,>=18446744073709551615,1,40743,10000,3785,6215,0,37.85000000,0
663,>=18446744073709551615,1,36578,10000,3773,6227,0,37.73000000,0
664,>=18446744073709551615,1,37128,10000,3774,6226,0,37.74000000,0
665,>=18446744073709551615,1,39477,10000,3658,6342,0,36.58000000,0
666,>=18446744073709551615,1,38258,10000,3671,6329,0,36.71000000,0
667,>=18446744073709551615,1,36431,10000,3795,6205,0,37.95000000,0
668,>=18446744073709551615,1,39146,10000,3779,6221,0,37.79000000,0
669,>=18446744073709551615,1,40043,10000,3736,6264,0,37.36000000,0
670,>=18446744073709551615,1,43183,10000,3777,6223,0,37.77000000,0
671,>=18446744073709551615,1,40357,10000,3793,6207,0,37.93000000,0
672,>=18446744073709551615,1,40469,10000,3754,6246,0,37.54000000,0
673,>=18446744073709551615,1,37196,10000,3747,6253,0,37.47000000,0
674,>=18446744073709551615,1,34929,10000,3744,6256,0,37.44000000,0
675,>=18446744073709551615,1,35138,10000,3691,6309,0,36.91000000,0
676,>=18446744073709551615,1,40210,10000,3801,6199,0,38.01000000,0
677,>=18446744073709551615,1,36446,10000,3783,6217,0,37.83000000,0
678,>=18446744073709551615,1,35759,10000,3759,6241,0,37.59000000,0
679,>=18446744073709551615,1,34632,10000,3723,6277,0,37.23000000,0
680,>=18446744073709551615,1,34123,10000,3717,6283,0,37.17000000,0
681,>=18446744073709551615,1,35419,10000,3816,6184,0,38.16000000,0
682,>=18446744073709551615,1,34834,10000,3706,6294,0,37.06000000,0
683,>=18446744073709551615,1,36798,10000,3723,6277,0,37.23000000,0
684,>=18446744073709551615,1,36715,10000,3776,6224,0,37.76000000,0
685,>=18446744073709551615,1,44185,10000,3802,6198,0,38.02000000,0
686,>=18446744073709551615,1,49285,10000,3749,6251,0,37.49000000,0
687,>=18446744073709551615,1,33893,10000,3711,6289,0,37.11000000,0
688,>=18446744073709551615,1,39348,10000,3819,6181,0,38.19000000,0
689,>=18446744073709551615,1,36831,10000,3738,6262,0,37.38000000,0
690,>=18446744073709551615,1,38144,10000,3698,6302,0,36.98000000,0
691,>=18446744073709551615,1,35108,10000,3831,6169,0,38.31000000,0
692,>=18446744073709551615,1,37460,10000,3732,6268,0,37.32000000,0
693,>=18446744073709551615,1,38792,10000,3775,6225,0,37.75000000,0
694,>=18446744073709551615,1,39490,10000,3818,6182,0,38.18000000,0
695,>=18446744073709551615,1,39411,10000,3785,6215,0,37.85000000,0
696,>=18446744073709551615,1,35832,10000,3719,6281,0,37.19000000,0
697,>=18446744073709551615,1,37147,10000,3751,6249,0,37.51000000,0
698,>=18446744073709551615,1,35222,10000,3784,6216,0,37.84000000,0
699,>=18446744073709551615,1,34229,10000,3741,6259,0,37.41000000,0
700,>=18446744073709551615,1,40452,10000,3802,6198,0,38.02000000,0
701,>=18446744073709551615,1,37725,10000,3740,6260,0,37.40000000,0
702,>=18446744073709551615,1,37796,10000,3865,6135,0,38.65000000,0
703,>=18446744073709551615,1,35789,10000,3797,6203,0,37.97000000,0
704,>=18446744073709551615,1,35715,10000,3746,6254,0,37.46000000,0
705,>=18446744073709551615,1,33229,10000,3757,6243,0,37.57000000,0
706,>=18446744073709551615,1,34721,10000,3831,6169,0,38.31000000,0
707,>=18446744073709551615,1,39627,10000,3860,6140,0,38.60000000,0
708,>=18446744073709551615,1,35309,10000,3754,6246,0,37.54000000,0
709,>=18446744073709551615,1,41071,10000,3722,6278,0,37.22000000,0
710,>=18446744073709551615,1,35462,10000,3861,6139,0,38.61000000,0
711,>=18446744073709551615,1,41340,10000,3764,6236,0,37.64000000,0
712,>=18446744073709551615,1,43492,10000,3680,6320,0,36.80000000,0
713,>=18446744073709551615,1,38661,10000,3768,6232,0,37.68000000,0
714,>=18446744073709551615,1,38732,10000,3868,6132,0,38.68000000,0
715,>=18446744073709551615,1,41562,10000,3784,6216,0,37.84000000,0
716,>=18446744073709551615,1,36649,10000,3748,6252,0,37.48000000,0
717,>=18446744073709551615,1,36104,10000,3794,6206,0,37.94000000,0
718,>=18446744073709551615,1,40417,10000,3727,6273,0,37.27000000,0
719,>=18446744073709551615,1,37493,10000,3843,6157,0,38.43000000,0
720,>=18446744073709551615,1,38864,10000,3733,6267,0,37.33000000,0
721,>=18446744073709551615,1,46195,10000,3730,6270,0,37.30000000,0
722,>=18446744073709551615,1,33680,10000,3697,6303,0,36.97000000,0
723,>=18446744073709551615,1,40273,10000,3808,6192,0,38.08000000,0
724,>=18446744073709551615,1,34983,10000,3763,6237,0,37.63000000,0
725,>=18446744073709551615,1,36534,10000,3771,6229,0,37.71000000,0
726,>=18446744073709551615,1,34802,10000,3734,6266,0,37.34000000,0
727,>=18446744073709551615,1,34924,10000,3795,6205,0,37.95000000,0
728,>=18446744073709551615,1,38495,10000,3749,6251,0,37.49000000,0
729,>=18446744073709551615,1,37993,10000,3759,6241,0,37.59000000,0
730,>=18446744073709551615,1,33439,10000,3767,6233,0,37.67000000,0
731,>=18446744073709551615,1,36174,10000,3748,6252,0,37.48000000,0
732,>=18446744073709551615,1,32577,10000,3726,6274,0,37.26000000,0
733,>=18446744073709551615,1,39214,10000,3731,6269,0,37.31000000,0
734,>=18446744073709551615,1,37771,10000,3766,6234,0,37.66000000,0
735,>=18446744073709551615,1,36066,10000,3725,6275,0,37.25000000,0
736,>=18446744073709551615,1,38046,10000,3746,6254,0,37.46000000,0
737,>=18446744073709551615,1,37022,10000,3786,6214,0,37.86000000,0
738,>=18446744073709551615,1,36937,10000,3788,6212,0,37.88000000,0
739,>=18446744073709551615,1,36707,10000,3786,6214,0,37.86000000,0
740,>=18446744073709551615,1,40896,10000,3738,6262,0,37.38000000,0
741,>=18446744073709551615,1,34533,10000,3718,6282,0,37.18000000,0
742,>=18446744073709551615,1,35461,10000,3832,6168,0,38.32000000,0
743,>=18446744073709551615,1,41174,10000,3778,6222,0,37.78000000,0
744,>=18446744073709551615,1,34614,10000,3697,6303,0,36.97000000,0
745,>=18446744073709551615,1,33274,10000,3732,6268,0,37.32000000,0
746,>=18446744073709551615,1,35408,10000,3820,6180,0,38.20000000,0
747,>=18446744073709551615,1,34577,10000,3704,6296,0,37.04000000,0
748,>=18446744073709551615,1,42765,10000,3740,6260,0,37.40000000,0
749,>=18446744073709551615,1,37734,10000,3784,6216,0,37.84000000,0
750,>=18446744073709551615,1,41580,10000,3749,6251,0,37.49000000,0
751,>=18446744073709551615,1,38629,10000,3833,6167,0,38.33000000,0
752,>=18446744073709551615,1,37872,10000,3812,6188,0,38.12000000,0
753,>=18446744073709551615,1,38676,10000,3673,6327,0,36.73000000,0
754,>=18446744073709551615,1,37043,10000,3672,6328,0,36.72000000,0
755,>=18446744073709551615,1,49446,10000,3710,6290,0,37.10000000,0
756,>=18446744073709551615,1,37926,10000,3742,6258,0,37.42000000,0
757,>=18446744073709551615,1,33839,10000,3772,6228,0,37.72000000,0
758,>=18446744073709551615,1,33558,10000,3772,6228,0,37.72000000,0
759,>=18446744073709551615,1,39052,10000,3786,6214,0,37.86000000,0
760,>=18446744073709551615,1,37002,10000,3822,6178,0,38.22000000,0
761,>=18446744073709551615,1,38236,10000,3772,6228,0,37.72000000,0
762,>=18446744073709551615,1,47351,10000,3762,6238,0,37.62000000,0
763,>=18446744073709551615,1,37862,10000,3694,6306,0,36.94000000,0
764,>=18446744073709551615,1,40433,10000,3732,6268,0,37.32000000,0
765,>=18446744073709551615,1,35477,10000,3786,6214,0,37.86000000,0
766,>=18446744073709551615,1,33134,10000,3755,6245,0,37.55000000,0
767,>=18446744073709551615,1,35638,10000,3711,6289,0,37.11000000,0
768,>=18446744073709551615,1,38025,10000,3760,6240,0,37.60000000,0
769,>=18446744073709551615,1,35439,10000,3778,6222,0,37.78000000,0
770,>=18446744073709551615,1,35711,10000,3779,6221,0,37.79000000,0
771,>=18446744073709551615,1,37918,10000,3664,6336,0,36.64000000,0
772,>=18446744073709551615,1,36493,10000,3761,6239,0,37.61000000,0
773,>=18446744073709551615,1,40590,10000,3774,6226,0,37.74000000,0
774,>=18446744073709551615,1,37067,10000,3727,6273,0,37.27000000,0
775,>=18446744073709551615,1,39072,10000,3683,6317,0,36.83000000,0
776,>=18446744073709551615,1,37767,10000,3722,6278,0,37.22000000,0
777,>=18446744073709551615,1,33155,10000,3803,6197,0,38.03000000,0
778,>=18446744073709551615,1,36222,10000,3723,6277,0,37.23000000,0
779,>=18446744073709551615,1,36408,10000,3837,6163,0,38.37000000,0
780,>=18446744073709551615,1,35827,10000,3710,6290,0,37.10000000,0
781,>=18446744073709551615,1,37514,10000,3737,6263,0,37.37000000,0
782,>=18446744073709551615,1,35196,10000,3789,6211,0,37.89000000,0
783,>=18446744073709551615,1,34675,10000,3691,6309,0,36.91000000,0
784,>=18446744073709551615,1,35072,10000,3780,6220,0,37.80000000,0
785,>=18446744073709551615,1,34473,10000,3743,6257,0,37.43000000,0
786,>=18446744073709551615,1,38337,10000,3714,6286,0,37.14000000,0
787,>=18446744073709551615,1,36167,10000,3667,6333,0,36.67000000,0
788,>=18446744073709551615,1,45666,10000,3788,6212,0,37.88000000,0
789,>=18446744073709551615,1,37376,10000,3739,6261,0,37.39000000,0
790,>=18446744073709551615,1,36025,10000,3722,6278,0,37.22000000,0
791,>=18446744073709551615,1,48500,10000,3741,6259,0,37.41000000,0
792,>=18446744073709551615,1,42395,10000,3739,6261,0,37.39000000,0
793,>=18446744073709551615,1,34121,10000,3775,6225,0,37.75000000,0
794,>=18446744073709551615,1,33669,10000,3762,6238,0,37.62000000,0
795,>=18446744073709551615,1,35218,10000,3694,6306,0,36.94000000,0
796,>=18446744073709551615,1,41566,10000,3735,6265,0,37.35000000,0
797,>=18446744073709551615,1,36683,10000,3793,6207,0,37.93000000,0
798,>=18446744073709551615,1,36072,10000,3770,6230,0,37.70000000,0
799,>=18446744073709551615,1,38931,10000,3712,6288,0,37.12000000,0
800,>=18446744073709551615,1,34855,10000,3777,6223,0,37.77000000,0
801,>=18446744073709551615,1,42010,10000,3729,6271,0,37.29000000,0
802,>=18446744073709551615,1,41378,10000,3746,6254,0,37.46000000,0
803,>=18446744073709551615,1,39231,10000,3697,6303,0,36.97000000,0
804,>=18446744073709551615,1,39166,10000,3715,6285,0,37.15000000,0
805,>=18446744073709551615,1,37181,10000,3680,6320,0,36.80000000,0
806,>=18446744073709551615,1,34306,10000,3766,6234,0,37.66000000,0
807,>=18446744073709551615,1,39819,10000,3790,6210,0,37.90000000,0
808,>=18446744073709551615,1,35635,10000,3756,6244,0,37.56000000,0
809,>=18446744073709551615,1,36546,10000,3763,6237,0,37.63000000,0
810,>=18446744073709551615,1,34230,10000,3764,6236,0,37.64000000,0
811,>=18446744073709551615,1,43036,10000,3707,6293,0,37.07000000,0
812,>=18446744073709551615,1,35691,10000,3766,6234,0,37.66000000,0
813,>=18446744073709551615,1,36239,10000,3889,6111,0,38.89000000,0
814,>=18446744073709551615,1,36786,10000,3749,6251,0,37.49000000,0
815,>=18446744073709551615,1,34764,10000,3742,6258,0,37.42000000,0
816,>=18446744073709551615,1,37055,10000,3738,6262,0,37.38000000,0
817,>=18446744073709551615,1,33916,10000,3737,6263,0,37.37000000,0
818,>=18446744073709551615,1,36702,10000,3805,6195,0,38.05000000,0
819,>=18446744073709551615,1,39227,10000,3758,6242,0,37.58000000,0
820,>=18446744073709551615,1,33385,10000,3826,6174,0,38.26000000,0
821,>=18446744073709551615,1,33830,10000,3714,6286,0,37.14000000,0
822,>=18446744073709551615,1,38031,10000,3744,6256,0,37.44000000,0
823,>=18446744073709551615,1,38682,10000,3695,6305,0,36.95000000,0
824,>=18446744073709551615,1,37149,10000,3698,6302,0,36.98000000,0
825,>=18446744073709551615,1,35187,10000,3778,6222,0,37.78000000,0
826,>=18446744073709551615,1,38545,10000,3754,6246,0,37.54000000,0
827,>=18446744073709551615,1,35425,10000,3657,6343,0,36.57000000,0
828,>=18446744073709551615,1,39334,10000,3739,6261,0,37.39000000,0
829,>=18446744073709551615,1,39011,10000,3781,6219,0,37.81000000,0
830,>=18446744073709551615,1,41233,10000,3763,6237,0,37.63000000,0
831,>=18446744073709551615,1,32879,10000,3789,6211,0,37.89000000,0
832,>=18446744073709551615,1,36537,10000,3823,6177,0,38.23000000,0
833,>=18446744073709551615,1,37761,10000,3671,6329,0,36.71000000,0
834,>=18446744073709551615,1,44719,10000,3723,6277,0,37.23000000,0
835,>=18446744073709551615,1,37259,10000,3726,6274,0,37.26000000,0
836,>=18446744073709551615,1,38184,10000,3747,6253,0,37.47000000,0
837,>=18446744073709551615,1,34091,10000,3719,6281,0,37.19000000,0
838,>=18446744073709551615,1,36331,10000,3806,6194,0,38.06000000,0
839,>=18446744073709551615,1,35140,10000,3784,6216,0,37.84000000,0
840,>=18446744073709551615,1,40370,10000,3719,6281,0,37.19000000,0
841,>=18446744073709551615,1,33562,10000,3859,6141,0,38.59000000,0
842,>=18446744073709551615,1,41919,10000,3747,6253,0,37.47000000,0
843,>=18446744073709551615,1,34881,10000,3791,6209,0,37.91000000,0
844,>=18446744073709551615,1,35134,10000,3721,6279,0,37.21000000,0
845,>=18446744073709551615,1,40108,10000,3712,6288,0,37.12000000,0
846,>=18446744073709551615,1,41971,10000,3732,6268,0,37.32000000,0
847,>=18446744073709551615,1,36983,10000,3768,6232,0,37.68000000,0
848,>=18446744073709551615,1,36455,10000,3663,6337,0,36.63000000,0
849,>=18446744073709551615,1,35126,10000,3737,6263,0,37.37000000,0
850,>=18446744073709551615,1,32808,10000,3695,6305,0,36.95000000,0
851,>=18446744073709551615,1,39604,10000,3698,6302,0,36.98000000,0
852,>=18446744073709551615,1,40982,10000,3804,6196,0,38.04000000,0
853,>=18446744073709551615,1,37057,10000,3803,6197,0,38.03000000,0
854,>=18446744073709551615,1,39325,10000,3753,6247,0,37.53000000,0
855,>=18446744073709551615,1,37783,10000,3725,6275,0,37.25000000,0
856,>=18446744073709551615,1,42353,10000,3702,6298,0,37.02000000,0
857,>=18446744073709551615,1,34999,10000,3847,6153,0,38.47000000,0
858,>=18446744073709551615,1,35258,10000,3781,6219,0,37.81000000,0
859,>=18446744073709551615,1,37623,10000,3685,6315,0,36.85000000,0
860,>=18446744073709551615,1,41698,10000,3759,6241,0,37.59000000,0
861,>=18446744073709551615,1,36638,10000,3806,6194,0,38.06000000,0
862,>=18446744073709551615,1,36515,10000,3659,6341,0,36.59000000,0
863,>=18446744073709551615,1,34077,10000,3754,6246,0,37.54000000,0
864,>=18446744073709551615,1,37419,10000,3835,6165,0,38.35000000,0
865,>=18446744073709551615,1,36917,10000,3807,6193,0,38.07000000,0
866,>=18446744073709551615,1,36716,10000,3737,6263,0,37.37000000,0
867,>=18446744073709551615,1,38668,10000,3725,6275,0,37.25000000,0
868,>=18446744073709551615,1,35807,10000,3701,6299,0,37.01000000,0
869,>=18446744073709551615,1,36532,10000,3788,6212,0,37.88000000,0
870,>=18446744073709551615,1,35924,10000,3735,6265,0,37.35000000,0
871,>=18446744073709551615,1,41775,10000,3742,6258,0,37.42000000,0
872,>=18446744073709551615,1,41022,10000,3862,6138,0,38.62000000,0
873,>=18446744073709551615,1,36616,10000,3646,6354,0,36.46000000,0
874,>=18446744073709551615,1,41166,10000,3736,6264,0,37.36000000,0
875,>=18446744073709551615,1,37196,10000,3835,6165,0,38.35000000,0
876,>=18446744073709551615,1,36863,10000,3724,6276,0,37.24000000,0
877,>=18446744073709551615,1,42263,10000,3808,6192,0,38.08000000,0
878,>=18446744073709551615,1,36502,10000,3777,6223,0,37.77000000,0
879,>=18446744073709551615,1,37032,10000,3684,6316,0,36.84000000,0
880,>=18446744073709551615,1,39611,10000,3817,6183,0,38.17000000,0
881,>=18446744073709551615,1,42562,10000,3777,6223,0,37.77000000,0
882,>=18446744073709551615,1,36012,10000,3699,6301,0,36.99000000,0
883,>=18446744073709551615,1,41440,10000,3752,6248,0,37.52000000,0
884,>=18446744073709551615,1,36311,10000,3747,6253,0,37.47000000,0
885,>=18446744073709551615,1,43473,10000,3773,6227,0,37.73000000,0
886,>=18446744073709551615,1,35217,10000,3774,6226,0,37.74000000,0
887,>=18446744073709551615,1,45099,10000,3776,6224,0,37.76000000,0
888,>=18446744073709551615,1,34906,10000,3813,6187,0,38.13000000,0
889,>=18446744073709551615,1,32911,10000,3736,6264,0,37.36000000,0
890,>=18446744073709551615,1,33920,10000,3803,6197,0,38.03000000,0
891,>=18446744073709551615,1,37077,10000,3758,6242,0,37.58000000,0
892,>=18446744073709551615,1,34116,10000,3720,6280,0,37.20000000,0
893,>=18446744073709551615,1,36131,10000,3721,6279,0,37.21000000,0
894,>=18446744073709551615,1,35565,10000,3685,6315,0,36.85000000,0
895,>=18446744073709551615,1,36040,10000,3800,6200,0,38.00000000,0
896,>=18446744073709551615,1,36727,10000,3721,6279,0,37.21000000,0
897,>=18446744073709551615,1,36073,10000,3702,6298,0,37.02000000,0
898,>=18446744073709551615,1,36014,10000,3720,6280,0,37.20000000,0
899,>=18446744073709551615,1,37548,10000,3721,6279,0,37.21000000,0
900,>=18446744073709551615,1,39759,10000,3807,6193,0,38.07000000,0
901,>=18446744073709551615,1,32807,10000,3758,6242,0,37.58000000,0
902,>=18446744073709551615,1,32968,10000,3702,6298,0,37.02000000,0
903,>=18446744073709551615,1,33643,10000,3875,6125,0,38.75000000,0
904,>=18446744073709551615,1,34385,10000,3728,6272,0,37.28000000,0
905,>=18446744073709551615,1,43275,10000,3825,6175,0,38.25000000,0
906,>=18446744073709551615,1,39757,10000,3752,6248,0,37.52000000,0
907,>=18446744073709551615,1,33273,10000,3667,6333,0,36.67000000,0
908,>=18446744073709551615,1,44005,10000,3677,6323,0,36.77000000,0
909,>=18446744073709551615,1,35559,10000,3734,6266,0,37.34000000,0
910,>=18446744073709551615,1,37911,10000,3816,6184,0,38.16000000,0
911,>=18446744073709551615,1,37354,10000,3635,6365,0,36.35000000,0
912,>=18446744073709551615,1,35503,10000,3624,6376,0,36.24000000,0
913,>=18446744073709551615,1,39130,10000,3650,6350,0,36.50000000,0
914,>=18446744073709551615,1,36075,10000,3719,6281,0,37.19000000,0
915,>=18446744073709551615,1,38899,10000,3721,6279,0,37.21000000,0
916,>=18446744073709551615,1,37886,10000,3781,6219,0,37.81000000,0
917,>=18446744073709551615,1,33604,10000,3736,6264,0,37.36000000,0
918,>=18446744073709551615,1,37779,10000,3816,6184,0,38.16000000,0
919,>=18446744073709551615,1,37266,10000,3727,6273,0,37.27000000,0
920,>=18446744073709551615,1,34654,10000,3737,6263,0,37.37000000,0
921,>=18446744073709551615,1,36963,10000,3766,6234,0,37.66000000,0
922,>=18446744073709551615,1,49137,10000,3757,6243,0,37.57000000,0
923,>=18446744073709551615,1,34339,10000,3750,6250,0,37.50000000,0
924,>=18446744073709551615,1,34709,10000,3767,6233,0,37.67000000,0
925,>=18446744073709551615,1,36189,10000,3786,6214,0,37.86000000,0
926,>=18446744073709551615,1,40415,10000,3711,6289,0,37.11000000,0
927,>=18446744073709551615,1,42784,10000,3741,6259,0,37.41000000,0
928,>=18446744073709551615,1,35738,10000,3680,6320,0,36.80000000,0
929,>=18446744073709551615,1,35884,10000,3817,6183,0,38.17000000,0
930,>=18446744073709551615,1,33552,10000,3718,6282,0,37.18000000,0
931,>=18446744073709551615,1,35221,10000,3690,6310,0,36.90000000,0
932,>=18446744073709551615,1,33902,10000,3708,6292,0,37.08000000,0
933,>=18446744073709551615,1,38760,10000,3788,6212,0,37.88000000,0
934,>=18446744073709551615,1,37566,10000,3724,6276,0,37.24000000,0
935,>=18446744073709551615,1,36592,10000,3721,6279,0,37.21000000,0
936,>=18446744073709551615,1,33779,10000,3742,6258,0,37.42000000,0
937,>=18446744073709551615,1,37085,10000,3712,6288,0,37.12000000,0
938,>=18446744073709551615,1,36005,10000,3728,6272,0,37.28000000,0
939,>=18446744073709551615,1,32958,10000,3773,6227,0,37.73000000,0
940,>=18446744073709551615,1,36352,10000,3710,6290,0,37.10000000,0
941,>=18446744073709551615,1,46152,10000,3773,6227,0,37.73000000,0
942,>=18446744073709551615,1,35960,10000,3787,6213,0,37.87000000,0
943,>=18446744073709551615,1,38928,10000,3775,6225,0,37.75000000,0
944,>=18446744073709551615,1,39842,10000,3737,6263,0,37.37000000,0
945,>=18446744073709551615,1,40824,10000,3697,6303,0,36.97000000,0
946,>=18446744073709551615,1,41190,10000,3749,6251,0,37.49000000,0
947,>=18446744073709551615,1,33901,10000,3770,6230,0,37.70000000,0
948,>=18446744073709551615,1,39183,10000,3785,6215,0,37.85000000,0
949,>=18446744073709551615,1,34641,10000,3730,6270,0,37.30000000,0
950,>=18446744073709551615,1,37978,10000,3798,6202,0,37.98000000,0
951,>=18446744073709551615,1,38309,10000,3729,6271,0,37.29000000,0
952,>=18446744073709551615,1,37749,10000,3705,6295,0,37.05000000,0
953,>=18446744073709551615,1,36337,10000,3721,6279,0,37.21000000,0
954,>=18446744073709551615,1,40256,10000,3676,6324,0,36.76000000,0
955,>=18446744073709551615,1,39996,10000,3793,6207,0,37.93000000,0
956,>=18446744073709551615,1,35058,10000,3739,6261,0,37.39000000,0
957,>=18446744073709551615,1,43990,10000,3792,6208,0,37.92000000,0
958,>=18446744073709551615,1,39134,10000,3807,6193,0,38.07000000,0
959,>=18446744073709551615,1,34894,10000,3787,6213,0,37.87000000,0
960,>=18446744073709551615,1,38140,10000,3714,6286,0,37.14000000,0
961,>=18446744073709551615,1,34099,10000,3788,6212,0,37.88000000,0
962,>=18446744073709551615,1,43012,10000,3794,6206,0,37.94000000,0
963,>=18446744073709551615,1,39358,10000,3728,6272,0,37.28000000,0
964,>=18446744073709551615,1,38822,10000,3686,6314,0,36.86000000,0
965,>=18446744073709551615,1,36060,10000,3655,6345,0,36.55000000,0
966,>=18446744073709551615,1,36386,10000,3804,6196,0,38.04000000,0
967,>=18446744073709551615,1,40910,10000,3722,6278,0,37.22000000,0
968,>=18446744073709551615,1,35660,10000,3787,6213,0,37.87000000,0
969,>=18446744073709551615,1,34138,10000,3784,6216,0,37.84000000,0
970,>=18446744073709551615,1,33650,10000,3729,6271,0,37.29000000,0
971,>=18446744073709551615,1,34623,10000,3771,6229,0,37.71000000,0
972,>=18446744073709551615,1,40078,10000,3665,6335,0,36.65000000,0
973,>=18446744073709551615,1,38240,10000,3710,6290,0,37.10000000,0
974,>=18446744073709551615,1,39371,10000,3701,6299,0,37.01000000,0
975,>=18446744073709551615,1,39693,10000,3760,6240,0,37.60000000,0
976,>=18446744073709551615,1,35043,10000,3827,6173,0,38.27000000,0
977,>=18446744073709551615,1,35390,10000,3659,6341,0,36.59000000,0
978,>=18446744073709551615,1,38632,10000,3720,6280,0,37.20000000,0
979,>=18446744073709551615,1,37806,10000,3692,6308,0,36.92000000,0
980,>=18446744073709551615,1,42400,10000,3780,6220,0,37.80000000,0
981,>=18446744073709551615,1,39042,10000,3792,6208,0,37.92000000,0
982,>=18446744073709551615,1,40494,10000,3693,6307,0,36.93000000,0
983,>=18446744073709551615,1,34347,10000,3652,6348,0,36.52000000,0
984,>=18446744073709551615,1,35369,10000,3700,6300,0,37.00000000,0
985,>=18446744073709551615,1,35310,10000,3688,6312,0,36.88000000,0
986,>=18446744073709551615,1,36373,10000,3768,6232,0,37.68000000,0
987,>=18446744073709551615,1,44136,10000,3782,6218,0,37.82000000,0
988,>=18446744073709551615,1,40694,10000,3792,6208,0,37.92000000,0
989,>=18446744073709551615,1,42313,10000,3827,6173,0,38.27000000,0
990,>=18446744073709551615,1,35288,10000,3781,6219,0,37.81000000,0
991,>=18446744073709551615,1,43754,10000,3829,6171,0,38.29000000,0
992,>=18446744073709551615,1,33656,10000,3733,6267,0,37.33000000,0
993,>=18446744073709551615,1,35759,10000,3773,6227,0,37.73000000,0
994,>=18446744073709551615,1,33874,10000,3742,6258,0,37.42000000,0
995,>=18446744073709551615,1,44013,10000,3729,6271,0,37.29000000,0
996,>=18446744073709551615,1,38941,10000,3761,6239,0,37.61000000,0
997,>=18446744073709551615,1,37362,10000,3737,6263,0,37.37000000,0
998,>=18446744073709551615,1,33345,10000,3754,6246,0,37.54000000,0
999,>=18446744073709551615,1,37746,10000,3632,6368,0,36.32000000,0
# aggregate candidates=37618447 responses=10000000 odd=3748629 even=6251371 invalid=0 odd_percent=37.48629000
